Mittlere freie Weglängen für Z = 82
E [keV]	MFWL_t [cm]	MFWL_k [cm]	MFWL_i [cm]	MFWL_e [cm]
1.00000E+00	1.69261E-05	7.05000E-03	2.45798E+01	1.69651E-05
1.10000E+00	2.03998E-05	7.10000E-03	2.12044E+01	2.04566E-05
1.20000E+00	2.41887E-05	7.16000E-03	1.85539E+01	2.42686E-05
1.30000E+00	2.82861E-05	7.22000E-03	1.64431E+01	2.83954E-05
1.40000E+00	3.26911E-05	7.28000E-03	1.47438E+01	3.28494E-05
1.50000E+00	3.74227E-05	7.34000E-03	1.33567E+01	3.76143E-05
1.60000E+00	4.28832E-05	7.41000E-03	1.22167E+01	4.31139E-05
1.70000E+00	4.87115E-05	7.48000E-03	1.12631E+01	4.90366E-05
1.80000E+00	5.49675E-05	7.56000E-03	1.04563E+01	5.53471E-05
1.90000E+00	6.15697E-05	7.63000E-03	9.76388E+00	6.20901E-05
2.00000E+00	6.86131E-05	7.71000E-03	9.16506E+00	6.92056E-05
2.20000E+00	8.44520E-05	7.87000E-03	8.17884E+00	8.54340E-05
2.30000E+00	9.30826E-05	7.95000E-03	7.76809E+00	9.41864E-05
2.40000E+00	1.02141E-04	8.04000E-03	7.39663E+00	1.03459E-04
2.48400E+00	1.10086E-04	8.10000E-03	7.11031E+00	1.11605E-04
2.48400E+00	6.31575E-05	8.10000E-03	7.11031E+00	6.36591E-05
2.50000E+00	5.98967E-05	8.12000E-03	7.05908E+00	6.03476E-05
2.58600E+00	4.53538E-05	8.19000E-03	6.79783E+00	4.56119E-05
2.58600E+00	3.59869E-05	8.19000E-03	6.79783E+00	3.61492E-05
2.60000E+00	3.62831E-05	8.21000E-03	6.75616E+00	3.64481E-05
2.70000E+00	3.83839E-05	8.30000E-03	6.47817E+00	3.85518E-05
2.80000E+00	4.04997E-05	8.40000E-03	6.22654E+00	4.07054E-05
2.90000E+00	4.26756E-05	8.49000E-03	5.99374E+00	4.28832E-05
3.00000E+00	4.48691E-05	8.58000E-03	5.78150E+00	4.50987E-05
3.06600E+00	4.74787E-05	8.65000E-03	5.65179E+00	4.77357E-05
3.06600E+00	4.10847E-05	8.65000E-03	5.65179E+00	4.12771E-05
3.30100E+00	4.92008E-05	8.88000E-03	5.23562E+00	4.94769E-05
3.55400E+00	5.89357E-05	9.13000E-03	4.86309E+00	5.93323E-05
3.55400E+00	5.56264E-05	9.13000E-03	4.86309E+00	5.59796E-05
3.69900E+00	6.11852E-05	9.28000E-03	4.67238E+00	6.15697E-05
3.85100E+00	6.72524E-05	9.44000E-03	4.49149E+00	6.77173E-05
3.85100E+00	6.44502E-05	9.44000E-03	4.49149E+00	6.49248E-05
4.00000E+00	7.04779E-05	9.61000E-03	4.32832E+00	7.09886E-05
5.00000E+00	1.20695E-04	1.07400E-02	3.50429E+00	1.22082E-04
6.00000E+00	1.88715E-04	1.19800E-02	2.96862E+00	1.91753E-04
8.00000E+00	3.85518E-04	1.46900E-02	2.31594E+00	3.96082E-04
1.00000E+01	6.75099E-04	1.77000E-02	1.94202E+00	7.01974E-04
1.30400E+01	1.32000E-03	2.28900E-02	1.62222E+00	1.40000E-03
1.30400E+01	5.43910E-04	2.28900E-02	1.62222E+00	5.57319E-04
1.50000E+01	7.90035E-04	2.66500E-02	1.48932E+00	8.14860E-04
1.52000E+01	8.17884E-04	2.70600E-02	1.47833E+00	8.43712E-04
1.52000E+01	5.93723E-04	2.70600E-02	1.47833E+00	6.07217E-04
1.55300E+01	6.24418E-04	2.77300E-02	1.46046E+00	6.38898E-04
1.58600E+01	6.56011E-04	2.84000E-02	1.44254E+00	6.72011E-04
1.58600E+01	5.69560E-04	2.84000E-02	1.44254E+00	5.81199E-04
2.00000E+01	1.02000E-03	3.77100E-02	1.27835E+00	1.05000E-03
3.00000E+01	2.91000E-03	6.40300E-02	1.07156E+00	3.06000E-03
4.00000E+01	6.14000E-03	9.58100E-02	9.77580E-01	6.60000E-03
5.00000E+01	1.09600E-02	1.34710E-01	9.30240E-01	1.20900E-02
6.00000E+01	1.75600E-02	1.79930E-01	9.05770E-01	1.98900E-02
8.00000E+01	3.64500E-02	2.86450E-01	8.88520E-01	4.38200E-02
8.80000E+01	4.61600E-02	3.34980E-01	8.88070E-01	5.69900E-02
8.80000E+01	1.14700E-02	3.34980E-01	8.88070E-01	1.20400E-02
1.00000E+02	1.58900E-02	4.14320E-01	8.91120E-01	1.68400E-02
1.50000E+02	4.37600E-02	8.40490E-01	9.29650E-01	4.85800E-02
2.00000E+02	8.82900E-02	1.40843E+00	9.83360E-01	1.04170E-01
3.00000E+02	2.18670E-01	2.95073E+00	1.09716E+00	3.00910E-01
4.00000E+02	3.79540E-01	5.04971E+00	1.20613E+00	6.22220E-01
5.00000E+02	5.46610E-01	7.71372E+00	1.30929E+00	1.06780E+00
6.00000E+02	7.06470E-01	1.09389E+01	1.40776E+00	1.63093E+00
6.62000E+02	8.00800E-01	1.32245E+01	1.46629E+00	2.03480E+00
8.00000E+02	9.94000E-01	1.90798E+01	1.59234E+00	3.07098E+00
1.00000E+03	1.24145E+00	2.94777E+01	1.76583E+00	4.87115E+00
1.02200E+03	1.26642E+00	3.07741E+01	1.78333E+00	5.09052E+00
1.25000E+03	1.50073E+00	4.56828E+01	1.96979E+00	7.54862E+00
1.50000E+03	1.68839E+00	6.54550E+01	2.16363E+00	1.05958E+01
2.00000E+03	1.91378E+00	1.15615E+02	2.53210E+00	1.75145E+01
2.04400E+03	1.92632E+00	1.20712E+02	2.56227E+00	1.81640E+01
3.00000E+03	2.08238E+00	2.58860E+02	3.21311E+00	3.35112E+01
4.00000E+03	2.10024E+00	4.59447E+02	3.85013E+00	5.11711E+01
5.00000E+03	2.06385E+00	7.17395E+02	4.45743E+00	6.98083E+01
6.00000E+03	2.00792E+00	1.03217E+03	5.04104E+00	8.91125E+01
7.00000E+03	1.94717E+00	1.40439E+03	5.60864E+00	1.08809E+02
8.00000E+03	1.88594E+00	1.83416E+03	6.16128E+00	1.28806E+02
9.00000E+03	1.82807E+00	2.32082E+03	6.70478E+00	1.49058E+02
1.00000E+04	1.77329E+00	2.86445E+03	7.23280E+00	1.69456E+02
1.10000E+04	1.72304E+00	3.46708E+03	7.75443E+00	1.89935E+02
1.20000E+04	1.67620E+00	4.12578E+03	8.27091E+00	2.10676E+02
1.30000E+04	1.63365E+00	4.84173E+03	8.78166E+00	2.31412E+02
1.40000E+04	1.59378E+00	5.61579E+03	9.27692E+00	2.52196E+02
1.50000E+04	1.55829E+00	6.44502E+03	9.77254E+00	2.73050E+02
1.60000E+04	1.52592E+00	7.33510E+03	1.02628E+01	2.93991E+02
1.80000E+04	1.46922E+00	9.27985E+03	1.12273E+01	3.35878E+02
2.00000E+04	1.42069E+00	1.14563E+04	1.21728E+01	3.77754E+02
2.20000E+04	1.37892E+00	1.38651E+04	1.31105E+01	4.20047E+02
2.40000E+04	1.34218E+00	1.64954E+04	1.40238E+01	4.62096E+02
2.60000E+04	1.31007E+00	1.93605E+04	1.49361E+01	5.04393E+02
2.80000E+04	1.28132E+00	2.24517E+04	1.58319E+01	5.46608E+02
3.00000E+04	1.25559E+00	2.57725E+04	1.67238E+01	5.88964E+02
4.00000E+04	1.15858E+00	4.58253E+04	2.10525E+01	8.00798E+02
5.00000E+04	1.09444E+00	7.16230E+04	2.52196E+01	1.01354E+03
6.00000E+04	1.04862E+00	1.03108E+05	2.92528E+01	1.22609E+03
8.00000E+04	9.86880E-01	1.83301E+05	3.71077E+01	1.65139E+03
1.00000E+05	9.47020E-01	2.86445E+05	4.47099E+01	2.07796E+03
1.50000E+05	8.89780E-01	6.44502E+05	6.27529E+01	3.14212E+03
2.00000E+05	8.58500E-01	1.14563E+06	8.00798E+01	4.20648E+03
3.00000E+05	8.24770E-01	2.57725E+06	1.12934E+02	6.33390E+03
4.00000E+05	8.06660E-01	4.58253E+06	1.44254E+02	8.46954E+03
5.00000E+05	7.95020E-01	7.16230E+06	1.74245E+02	1.05958E+04
6.00000E+05	7.86510E-01	1.03108E+07	2.03480E+02	1.27245E+04
8.00000E+05	7.76130E-01	1.83301E+07	2.60620E+02	1.69848E+04
1.00000E+06	7.69350E-01	2.86445E+07	3.16695E+02	2.12453E+04
1.50000E+06	7.60070E-01	6.44502E+07	4.53538E+02	3.18871E+04
2.00000E+06	7.54860E-01	1.14563E+08	5.85833E+02	4.25315E+04
3.00000E+06	7.49090E-01	2.57725E+08	8.42905E+02	6.38435E+04
4.00000E+06	7.46550E-01	4.58253E+08	1.09159E+03	8.51041E+04
5.00000E+06	7.44660E-01	7.16230E+08	1.33527E+03	1.06444E+05
6.00000E+06	7.43410E-01	1.03108E+09	1.57415E+03	1.27724E+05
8.00000E+06	7.42150E-01	1.83301E+09	2.04424E+03	1.70340E+05
1.00000E+07	7.40910E-01	2.86445E+09	2.50264E+03	2.12863E+05
1.50000E+07	7.39660E-01	6.44502E+09	3.62234E+03	3.19449E+05
2.00000E+07	7.38420E-01	1.14563E+10	4.70982E+03	4.25932E+05
3.00000E+07	7.37810E-01	2.57725E+10	6.82942E+03	6.38898E+05
4.00000E+07	7.37190E-01	4.58253E+10	8.89865E+03	8.51863E+05
5.00000E+07	7.37190E-01	7.16230E+10	1.09281E+04	1.06483E+06
6.00000E+07	7.37190E-01	1.03108E+11	1.29259E+04	1.27780E+06
8.00000E+07	7.36570E-01	1.83301E+11	1.68517E+04	1.70439E+06
1.00000E+08	7.36570E-01	2.86445E+11	2.07210E+04	2.13017E+06
